v3.0 hex words addressed
000: 04020 0800c 00000 00000 00000 00000 00000 00000
008: 04020 0800c 00000 00000 00000 00000 00000 00000
010: 04020 0800c 00000 00000 00000 00000 00000 00000
018: 04020 0800c 00000 00000 00000 00000 00000 00000
020: 04020 0800c 10000 00000 00000 00000 00000 00000
028: 04020 0800c 10000 00000 00000 00000 00000 00000
030: 04020 0800c 10000 00000 00000 00000 00000 00000
038: 04020 0800c 10000 00000 00000 00000 00000 00000
040: 04020 0800c 00022 01008 00000 00000 00000 00000
048: 04020 0800c 00022 01008 00000 00000 00000 00000
050: 04020 0800c 00022 01008 00000 00000 00000 00000
058: 04020 0800c 00022 01008 00000 00000 00000 00000
060: 04020 0800c 00022 00108 01400 00000 00000 00000
068: 04020 0800c 00022 00108 01400 00000 00000 00000
070: 04020 0800c 00022 00108 01400 00000 00000 00000
078: 04020 0800c 00022 00108 01400 00000 00000 00000
080: 04020 0800c 00801 00000 00000 00000 00000 00000
088: 04020 0800c 00801 00000 00000 00000 00000 00000
090: 04020 0800c 00801 00000 00000 00000 00000 00000
098: 04020 0800c 00801 00000 00000 00000 00000 00000
0a0: 04020 0800c 00000 00000 00000 00000 00000 00000
0a8: 04020 0800c 00000 00000 00000 00000 00000 00000
0b0: 04020 0800c 00000 00000 00000 00000 00000 00000
0b8: 04020 0800c 00000 00000 00000 00000 00000 00000
0c0: 04020 0800c 00000 00000 00000 00000 00000 00000
0c8: 04020 0800c 00000 00000 00000 00000 00000 00000
0d0: 04020 0800c 00000 00000 00000 00000 00000 00000
0d8: 04020 0800c 00000 00000 00000 00000 00000 00000
0e0: 04020 0800c 00000 00000 00000 00000 00000 00000
0e8: 04020 0800c 00000 00000 00000 00000 00000 00000
0f0: 04020 0800c 00000 00000 00000 00000 00000 00000
0f8: 04020 0800c 00000 00000 00000 00000 00000 00000
100: 04020 0800c 00000 00000 00000 00000 00000 00000
108: 04020 0800c 00000 00000 00000 00000 00000 00000
110: 04020 0800c 00000 00000 00000 00000 00000 00000
118: 04020 0800c 00000 00000 00000 00000 00000 00000
120: 04020 0800c 00000 00000 00000 00000 00000 00000
128: 04020 0800c 00000 00000 00000 00000 00000 00000
130: 04020 0800c 00000 00000 00000 00000 00000 00000
138: 04020 0800c 00000 00000 00000 00000 00000 00000
140: 04020 0800c 00000 00000 00000 00000 00000 00000
148: 04020 0800c 00000 00000 00000 00000 00000 00000
150: 04020 0800c 00000 00000 00000 00000 00000 00000
158: 04020 0800c 00000 00000 00000 00000 00000 00000
160: 04020 0800c 00000 00000 00000 00000 00000 00000
168: 04020 0800c 00000 00000 00000 00000 00000 00000
170: 04020 0800c 00000 00000 00000 00000 00000 00000
178: 04020 0800c 00000 00000 00000 00000 00000 00000
180: 00000 00000 00000 00000 00000 00000 00000 00000
188: 00000 00000 00000 00000 00000 00000 00000 00000
190: 00000 00000 00000 00000 00000 00000 00000 00000
198: 00000 00000 00000 00000 00000 00000 00000 00000
1a0: 00000 00000 00000 00000 00000 00000 00000 00000
1a8: 00000 00000 00000 00000 00000 00000 00000 00000
1b0: 00000 00000 00000 00000 00000 00000 00000 00000
1b8: 00000 00000 00000 00000 00000 00000 00000 00000
1c0: 00000 00000 00000 00000 00000 00000 00000 00000
1c8: 00000 00000 00000 00000 00000 00000 00000 00000
1d0: 00000 00000 00000 00000 00000 00000 00000 00000
1d8: 00000 00000 00000 00000 00000 00000 00000 00000
1e0: 00000 00000 00000 00000 00000 00000 00000 00000
1e8: 00000 00000 00000 00000 00000 00000 00000 00000
1f0: 00000 00000 00000 00000 00000 00000 00000 00000
1f8: 00000 00000 00000 00000 00000 00000 00000 00000